14
0  6  4  9  8  8  4  5  4  3  0  0  0  0  
6  0  5  0  0  3  3  5  6  8  0  9  0  0  
4  5  0  8  0  0  5  0  4  0  6  3  9  6  
9  0  8  0  7  6  0  0  7  8  0  0  3  4  
8  0  0  7  0  0  9  7  8  5  7  0  6  8  
8  3  0  6  0  0  4  6  9  4  0  0  0  0  
4  3  5  0  9  4  0  9  6  3  7  0  0  0  
5  5  0  0  7  6  9  0  8  8  7  8  0  0  
4  6  4  7  8  9  6  8  0  4  0  0  0  0  
3  8  0  8  5  4  3  8  4  0  8  0  0  0  
0  0  6  0  7  0  7  7  0  8  0  9  8  0  
0  9  3  0  0  0  0  8  0  0  9  0  0  5  
0  0  9  3  6  0  0  0  0  0  8  0  0  4  
0  0  6  4  8  0  0  0  0  0  0  5  4  0  
