15
0  0  0  6  8  3  7  9  0  0  0  0  0  0  0  
0  0  6  0  0  4  9  5  9  0  0  0  0  0  0  
0  6  0  0  3  4  5  4  0  0  0  0  0  0  0  
6  0  0  0  0  0  9  4  0  7  0  0  9  0  0  
8  0  3  0  0  7  7  0  6  0  0  0  0  0  0  
3  4  4  0  7  0  0  9  0  0  0  0  0  0  0  
7  9  5  9  7  0  0  0  0  0  0  0  0  0  0  
9  5  4  4  0  9  0  0  0  0  0  0  0  0  0  
0  9  0  0  6  0  0  0  0  3  0  4  0  0  8  
0  0  0  7  0  0  0  0  3  0  0  7  7  7  0  
0  0  0  0  0  0  0  0  0  0  0  9  8  7  0  
0  0  0  0  0  0  0  0  4  7  9  0  5  7  0  
0  0  0  9  0  0  0  0  0  7  8  5  0  5  0  
0  0  0  0  0  0  0  0  0  7  7  7  5  0  3  
0  0  0  0  0  0  0  0  8  0  0  0  0  3  0  
