15
0  0  0  7  7  0  7  0  0  0  0  0  0  0  5  
0  0  3  9  4  0  0  0  0  0  0  0  0  0  0  
0  3  0  3  0  7  0  0  0  0  0  0  0  0  0  
7  9  3  0  0  0  0  0  0  0  0  0  0  0  0  
7  4  0  0  0  3  0  0  0  0  0  0  0  0  0  
0  0  7  0  3  0  4  0  0  0  0  0  0  0  0  
7  0  0  0  0  4  0  4  0  0  0  0  0  0  0  
0  0  0  0  0  0  4  0  5  7  0  0  0  0  0  
0  0  0  0  0  0  0  5  0  8  8  0  0  0  0  
0  0  0  0  0  0  0  7  8  0  0  0  0  7  0  
0  0  0  0  0  0  0  0  8  0  0  7  5  0  0  
0  0  0  0  0  0  0  0  0  0  7  0  4  8  0  
0  0  0  0  0  0  0  0  0  0  5  4  0  4  0  
0  0  0  0  0  0  0  0  0  7  0  8  4  0  0  
5  0  0  0  0  0  0  0  0  0  0  0  0  0  0  
